x
0 1
1 12.8255081348 158.560025458
2 8.2716370258 102.770308157
3 8.748347263459999 93.67981403829999
4 8.416148063590001 108.356049083
5 3.8407951094 103.120572214
6 1.79619239365 84.23773461570001
7 0 67.7730348238
8 0 57.1172594905
9 0 47.5769171283
10 0 41.8289181757
11 0 43.2514969199
12 0 47.0986773675
13 0 51.8679522022
14 0 37.822012848
15 0 41.3473335454
16 0 42.8670051898
17 0 40.4212137718
18 0 38.1612034424
19 0 46.0588668478
20 0 44.6338142161
21 0 43.1987821132
22 0 38.4854124574
23 0 29.1762708363
24 0 36.5392243475
25 0 28.1157779639
26 0 23.0579957227
27 0 22.5016298496
28 0 40.6469139333
29 0 20.9846000248
30 0 21.2493051809
