x
0 1
1 0 147.83273307
2 0 106.334522541
3 0 48.0439563287
4 0 42.1602438362
5 0 37.7236126672
6 0 34.9679007166
7 0 36.2827185468
8 0 39.2001426656
9 0 40.0057591474
10 0 29.6632495923
11 0 37.8785798889
12 0 31.9411002681
13 0 42.9430824622
14 0 31.1100733631
15 0 44.1627546052
16 0 24.4735084032
17 0 28.3530378473
18 0 24.1194225386
19 0 20.60749418
20 0 22.7779875362
21 0 28.2805157676
22 0 16.7178412274
23 0 18.076236323
24 0 13.5094676305
25 0 12.6329285573
26 0 12.9692652487
27 0 11.4188887556
28 0 11.8251137156
29 0 15.7273112934
30 0 8.61743378261
