x
0 1
1 8.55468399894 238.054267592
2 7.87452027659 159.112486185
3 5.0857234757 120.268474297
4 9.798997275050001 95.2210370828
5 6.57917413558 165.693563066
6 2.15955789196 142.831571313
7 6.97102222199 156.110723779
8 1.82182927344 158.109685561
9 3.57580759384 115.742713165
10 2.49099435288 147.83273307
11 2.57603860003 83.4249369085
12 0.8231523413289999 106.334522541
13 2.03396794544 69.4463527477
14 4.50024222084 48.0439563287
15 2.8855813599 56.5418173605
16 0.99336578984 45.5382766498
17 2.78691982375 33.2795153537
18 1.4303245349 37.7236126672
19 1.46509995093 28.8088810787
20 1.80916681661 34.9679007166
21 2.25012342987 35.3850160374
22 1.95392638384 36.2827185468
23 1.01529771392 41.0362606685
24 0.76614444849 39.2001426656
25 0.979337369334 41.6969943194
26 1.44022052848 40.0057591474
27 0.938698912818 32.9365745207
28 1.46865250487 29.6632495923
29 1.73472121801 28.2058797333
30 0.581417545451 31.3669866391
31 1.35992256318 29.1147048488
32 0.758378951234 26.8670818444
33 1.12179978871 28.1743877915
34 1.03622612584 32.1020265019
35 1.14519734803 29.8930977649
36 0.721614134654 31.1100733631
37 1.18967089078 24.8218836385
38 1.20297109227 26.7380893305
39 0.540188572694 19.6809539042
40 0.608945734791 24.4735084032
41 0.75855034655 28.9717225642
42 0.468270271882 26.5509315096
43 0.543083761477 24.0885518807
44 0.434195558949 24.1194225386
45 0.574917037759 21.8506331275
46 0.702672486931 20.60749418
47 0.632719578751 26.4340625179
48 0.992086054461 22.7779875362
49 0.0984441498764 21.3701098875
50 0.510935883749 28.2805157676
51 0.706398049919 22.0320983271
52 0.27878354796 23.2260134086
53 0.610221732202 18.0573148554
54 0.59561929631 18.9740588115
55 0.170196943775 20.7530250764
56 0.548328708044 13.5094676305
57 0.116785841666 16.1808393279
58 0.703701211456 12.6329285573
59 0.651798773726 16.9290583385
60 0.470815196631 11.5999086394
61 0.623640595881 12.934918088
62 0.5081919281590001 11.4188887556
63 0 12.6976185541
64 0 10.3220501346
65 0 10.002168979
66 0 15.7273112934
67 0 8.95853109916
68 0 9.074340208720001
69 0 8.702323797749999
70 0 9.54917848989
71 0 9.64750769205
72 0 8.316732822820001
73 0 8.34160403848
74 0 11.7066766774
75 0 11.5588401693
76 0 7.26714974442
77 0 8.55916859067
78 0 8.942957406870001
79 0 12.2548159589
80 0 8.814042656990001
81 0 9.07398238241
82 0 8.987777265689999
83 0 8.36268401898
84 0 7.11614043388
85 0 6.9004244667
86 0 8.50234211081
87 0 9.04567026844
88 0 8.70687783408
89 0 7.50945767643
90 0 8.122719656759999
91 0 7.34228641893
92 0 6.49546816178
93 0 8.204152805350001
94 0 9.77333732748
95 0 8.060603254929999
96 0 13.0217325181
97 0 8.662109378249999
98 0 8.386602295099999
99 0 9.046996341210001
100 0 7.96447747177
101 0 7.5150144415
102 0 7.06813056179
103 0 9.04883439991
104 0 10.10798612
105 0 8.385519721750001
106 0 9.751217538860001
107 0 9.147331354209999
108 0 9.193697147
109 0 8.49009295049
110 0 8.57864007173
111 0 7.688143933
112 0 9.39189369779
113 0 6.44510972155
114 0 8.04764715272
115 0 10.4989032053
116 0 6.69314991466
117 0 9.873999738549999
118 0 8.78133017343
119 0 8.34914690756
120 0 8.104238855629999
121 0 9.050064114990001
122 0 10.2359841717
123 0 10.2909164686
124 0 10.6971717922
125 0 6.69214681578
126 0 12.1904020901
127 0 6.91118876275
128 0 8.88972915099
129 0 5.8067440742
130 0 5.93799109145
131 0 6.40018873661
132 0 3.55797024449
133 0 2.2579008107
134 0 3.49819531207
135 0 1.44959796895
136 0 0.866858028498
137 0 0.72773909006
138 0 0.803791942844
139 0 0.863274381727
140 0 0.385647105056
141 0 0.713195213936
142 0 1.24388422417
143 0 0.793142122278
144 0 0.760856122293
145 0 0.8079323854829999
146 0 0.50355222432
147 0 1.37160024768
148 0 0.998613973964
149 0 0.62982376016
